0
116
-9 -3.925 17
32
-8 -6.5 -4
140
1
108
-6 -2.45 7
30
-8 -5.25 0
72
2
110
-5 -2.825 7
31
-6 -3.75 2
138
3
113
-5 0.825 33
35
-4 1.25 20
123
4
422
17 30.5 93
42
0 11.75 48
360
5
232
17 36.075 119
38
-2 2.5 14
283
6
115
-1 7.55 40
34
-2 5.75 18
117
7
110
-3 3.125 21
30
6 12.25 18
74
8
116
-3 5.65 44
39
2 5 16
114
9
108
-3 2.6 23
30
8 10.5 16
66
10
123
-1 9 36
39
2 10 24
135
11
113
-2 3.825 29
39
-2 4.75 20
120
12
122
-1 7.975 51
38
0 4.25 14
263
13
105
-3 1.15 33
30
4 9.25 22
73
14
105
-4 0.775 20
30
8 13.25 20
62
15
103
-4 1.4 17
30
6 11.75 18
60
16
105
-4 -0.125 6
30
8 12.25 20
52
17
100
-4 -0.2 9
30
12 13.75 20
37
18
102
-4 0.975 28
30
10 14 20
46
19
100
-4 -0.15 17
30
6 13.5 26
37
20
102
-4 -0.275 9
30
8 12.75 18
46
21
101
-4 -0.6 9
30
6 14 26
43
22
100
-4 -1.6 6
30
8 14.5 20
30
23
101
-4 -0.4 16
30
8 14 24
44
24
102
-3 0 13
30
10 15.5 24
40
25
103
-4 -0.025 12
30
8 15.25 24
47
26
102
-4 -1.3 6
30
10 14.5 24
32
27
100
-4 -1 12
30
8 13 16
39
28
101
-4 -0.875 17
30
8 14.25 22
44
29
110
-3 1.35 16
30
10 14.75 26
54
0
108
-9 -5.025 5
30
-8 -7.5 -6
69
1
118
-5 -2.35 12
32
-6 -5 -4
120
2
143
-4 12.925 54
32
-6 -4.25 0
160
3
174
4 19.075 60
35
-4 2.5 26
222
4
274
11 22.775 62
34
-6 -0.75 6
200
5
149
1 14.1 58
37
-2 4.75 14
200
6
424
21 36.3 91
43
6 10.25 20
473
7
116
-3 6 58
37
0 2.75 8
137
8
110
-2 7.175 82
34
0 2.25 6
157
9
125
-1 8.35 36
37
2 6.75 16
132
10
728
21 39.575 92
46
4 19 46
782
11
144
0 14.65 88
36
-2 1 8
200
12
105
-4 0.425 28
30
4 9.5 18
74
13
127
-1 5.95 40
38
2 7.25 20
138
14
105
-3 0.2 12
30
4 10.5 18
67
15
115
-3 4.9 56
35
-2 2.5 6
214
16
110
-3 2.15 19
39
0 11.25 28
85
17
120
-2 5.925 45
39
2 6.25 28
117
18
179
9 23.175 54
38
-4 3.5 14
239
19
224
11 28.05 75
37
-2 2.25 8
200
20
337
15 31.2 71
38
-4 6.25 24
281
21
995
20 29.1 56
67
8 18.25 34
991
22
111
-3 3.025 22
30
4 9.5 12
79
23
172
5 20.075 108
38
-4 4.25 32
200
24
384
15 27.475 59
49
2 8.25 16
396
25
125
-1 8.05 35
37
0 6.5 20
142
26
123
-1 8.85 49
39
4 10.5 18
117
27
167
5 17.3 50
43
0 3.25 14
236
28
628
46 61.525 85
46
0 54.5 254
491
29
114
-1 6.25 60
37
-2 6.5 16
132
0
106
-9 -5.3 0
32
-6 -3.25 0
114
1
105
-5 -3.55 15
30
-4 1.75 12
74
2
109
-5 -1.85 43
33
-4 -2 4
145
3
165
0 16 69
37
-4 0.75 22
200
4
135
0 8.975 52
35
-4 0.5 8
124
5
198
7 17.425 49
42
-2 5.75 22
203
6
128
0 9.825 45
35
-4 7.5 24
159
7
236
14 30.85 70
42
-2 7 32
374
8
191
9 23.15 93
41
-2 2 8
360
9
120
-3 4.4 39
37
-2 6.5 22
133
10
104
-4 0.6 16
32
0 3.75 12
103
11
106
-4 1.725 35
30
0 9.25 16
75
12
115
-3 4.075 35
36
-4 2.75 12
124
13
132
0 14.9 76
33
-2 -0.75 2
138
14
276
19 36.1 78
38
-4 6.5 44
293
15
161
9 28 102
39
2 3 6
221
16
154
5 19.7 66
35
-2 0.75 6
141
17
129
0 12.55 61
37
-2 2.5 8
200
18
119
-1 2.6 15
41
6 11.5 24
90
19
140
0 14.65 130
37
0 2.75 12
200
20
112
-3 7.35 60
34
-4 2.75 20
143
21
114
-1 5.875 62
36
-2 1.75 10
133
22
127
-1 6.125 26
34
0 13.25 34
102
23
107
-3 1.975 14
30
2 15.5 48
67
24
112
-3 4.2 23
34
0 10.25 40
88
25
117
-2 3.75 45
35
2 9.25 32
93
26
108
-4 1.95 20
30
-2 13 30
67
27
108
-4 1.6 16
30
0 10.75 24
74
28
103
-4 0.65 16
30
0 10 22
65
29
102
-3 0.75 12
30
10 15.5 28
57
