0
112
-6 -2.95 16
32
-6 -4 -2
120
1
130
-5 6.25 44
34
-6 -3 2
151
2
179
6 17.125 63
32
-6 -3.5 2
145
3
136
-1 13.825 61
41
-2 1.5 10
286
4
108
-3 1.4 14
30
6 10 16
71
5
107
-4 0.7 13
30
8 13 20
77
6
112
-4 0.35 12
38
4 11.5 18
82
7
112
-4 2.6 23
34
0 7 20
114
8
122
-1 7.35 44
40
-2 1 10
201
9
134
0 10.525 43
39
-4 -0.25 6
120
10
112
-4 4.625 28
39
0 6.75 20
131
11
117
-4 2.525 27
36
0 6.75 20
108
12
113
-4 2.7 15
35
0 4.75 24
114
13
123
-3 5.075 23
37
-2 6.75 30
180
14
110
-3 2.75 20
36
2 5.75 12
118
15
106
-4 -0.35 11
30
-4 8 26
80
16
104
-5 0.075 23
33
-2 1.25 6
115
17
117
-3 3.225 27
35
0 7.5 22
115
18
104
-5 -1.425 7
30
8 11.25 14
61
19
114
-4 1.65 20
37
0 8.5 30
97
20
102
-5 -1.675 7
30
10 12 16
60
21
114
-4 2.625 24
35
-4 5.5 16
143
22
122
-3 2.8 26
38
0 12.25 26
97
23
107
-4 -0.35 11
30
6 10.75 26
67
24
102
-5 -0.9 11
30
4 9.75 20
58
25
117
-4 1.95 31
35
0 12.25 30
86
26
109
-4 1.6 21
30
4 15.25 28
67
27
101
-5 -2.525 6
30
8 12.25 18
40
28
104
-5 -0.15 10
30
4 13.75 24
53
29
118
-4 2.825 27
37
0 15 32
96
0
115
-5 -2.725 18
32
-6 -4 -2
120
1
151
-3 3.75 35
32
-6 -2.25 8
200
2
208
7 20.625 101
32
-6 -2.5 0
207
3
367
15 25.65 57
47
2 13 24
367
4
148
2 16.925 97
42
-2 3.75 22
228
5
156
3 18.925 75
42
-2 1.25 8
222
6
111
-4 3 19
37
4 11 14
81
7
118
-3 3.225 26
38
2 5 10
110
8
112
-4 5.025 63
35
-4 1 6
145
9
113
-4 2.375 20
37
0 3 14
110
10
102
-5 -0.3 15
30
8 10.5 14
42
11
116
-4 3.075 39
35
-2 1.75 6
201
12
117
-3 9.825 42
34
-4 -0.5 8
159
13
139
2 18.925 66
36
-2 2.25 10
232
14
117
-3 2.925 21
35
-4 3.5 22
156
15
119
-4 4.45 41
32
-2 1.25 4
134
16
108
-5 1.05 58
33
-2 3.5 14
115
17
104
-5 -0.725 33
30
8 12 22
62
18
128
-3 8.925 62
40
-4 1.5 10
280
19
116
-3 4.3 49
37
-4 3.25 20
144
20
108
-5 -0.8 24
30
0 11 20
75
21
118
-4 2.3 30
34
-4 3.5 14
141
22
110
-4 4.2 129
36
-4 1.75 8
220
23
105
-4 1.2 59
35
0 3.75 12
110
24
104
-4 -0.675 17
30
8 12.25 20
45
25
125
-2 8.2 74
38
2 3.5 6
200
26
119
-4 6.275 65
37
2 7.5 16
119
27
126
-2 5.95 35
38
4 11.75 32
119
28
116
-3 2.55 16
38
2 8.75 22
93
29
103
-5 -0.225 17
30
8 11.5 16
57
