0
103
-8 -3.5 10
30
-6 -5.5 -2
79
1
122
-5 0.875 31
33
-6 -4 -2
149
2
308
14 31.7 87
41
-2 2.25 12
374
3
117
-2 4.4 41
37
0 6.75 12
112
4
116
-3 4.825 77
39
-2 1.5 6
203
5
103
-5 -1.375 13
30
-2 8.25 24
71
6
107
-4 1.45 45
35
2 5.5 14
97
7
110
-4 5.25 57
34
-2 0.75 6
136
8
107
-4 3.425 33
30
-4 0.25 8
75
9
101
-5 -1 9
30
8 9.75 14
49
10
110
-4 0.925 23
37
4 8.75 18
83
11
117
-3 2.25 29
39
2 10.5 18
98
12
115
-4 1.7 24
33
0 5.75 16
130
13
103
-5 -0.8 15
30
2 7.5 24
75
14
104
-4 -0.65 13
30
0 6.75 16
71
15
101
-5 -1.85 10
30
10 11.25 14
35
16
123
-2 7.65 43
31
-2 3 10
145
17
108
-4 -0.25 17
30
10 12.25 16
56
18
589
19 33.225 102
54
16 24 48
518
19
171
4 15.725 51
38
-2 3.75 16
217
20
121
-3 5.8 40
38
-2 1.5 12
124
21
130
0 10.475 56
35
-4 2 10
135
22
117
-3 6.025 36
34
-2 0 4
148
23
122
-2 6.075 45
33
-4 -1 2
142
24
128
0 9.175 53
33
-4 -0.5 4
120
25
112
-4 4.225 43
33
-2 2.75 12
120
26
110
-3 2.65 37
35
0 3 14
118
27
120
-2 9.525 56
34
-4 -0.25 6
159
28
185
6 19.35 89
35
-4 1 16
200
29
124
-3 8.275 103
38
-2 -0.5 2
200
0
104
-8 -4.25 2
30
-4 1.5 6
66
1
106
-5 -2.175 16
33
-4 0.25 18
120
2
123
-4 4.55 95
33
-4 -2.5 0
134
3
135
0 19.1 107
40
-4 0.75 8
200
4
125
-1 10.125 51
39
-2 6.25 18
270
5
107
-4 1.65 17
30
8 13.25 20
64
6
105
-4 1.325 20
30
6 11.75 30
69
7
110
-3 4.6 76
32
-2 1.5 4
120
8
101
-4 -0.7 11
30
10 11.75 14
43
9
106
-4 0.35 14
30
6 11.25 20
70
10
107
-4 -0.225 13
30
8 13 20
57
11
104
-5 -1.725 10
30
6 11.5 20
57
12
107
-4 -0.425 21
30
-2 11 24
79
13
106
-4 -0.825 9
30
-2 9.75 24
66
14
105
-4 0.025 21
30
2 14.25 28
64
15
106
-4 -0.1 17
30
8 13.25 20
47
16
107
-4 0.225 17
30
8 12 20
54
17
100
-4 -1.3 11
30
10 12 16
39
18
100
-4 -1.7 8
30
8 11.75 18
36
19
102
-4 -0.875 12
30
6 12.25 18
46
20
102
-4 -0.625 14
30
10 15.25 30
57
21
100
-5 -2.55 15
30
10 13 18
39
22
103
-4 -1.85 7
30
8 12.5 20
54
23
100
-5 -1.75 9
30
6 14.5 24
31
24
100
-5 -1.65 7
30
8 14.5 30
39
25
107
-4 -0.425 15
30
8 15.75 32
53
26
100
-4 -1.525 8
30
6 13.5 26
36
27
105
-4 -0.975 10
30
6 13.5 30
50
28
103
-5 -1.675 17
30
8 16 26
44
29
100
-5 -2.275 15
30
8 13.75 20
34
0
111
-8 -4.775 -1
31
-8 -3.5 4
100
1
128
-5 -0.45 20
34
-4 -2.25 2
200
2
136
-4 5.525 31
34
-4 -1.75 6
212
3
108
-5 0.75 24
30
4 12.75 30
66
4
134
-1 11.775 84
37
-4 2.25 22
200
5
106
-4 2.675 19
30
8 12.5 22
67
6
101
-4 -1.1 12
30
8 10.75 16
39
7
102
-4 -1.375 10
30
8 12.5 22
47
8
105
-4 -0.75 8
30
8 14.25 22
44
9
104
-4 -2.275 17
30
8 12.5 18
52
10
101
-4 -2.25 4
30
8 13.5 28
48
11
105
-5 -1.4 8
30
8 11.75 22
59
12
109
-5 -1.475 12
32
-2 2 8
120
13
108
-4 -0.3 14
34
2 4.25 14
108
14
102
-4 -1.475 14
30
10 14.5 20
48
15
100
-5 -2.525 13
30
8 12 22
35
16
105
-4 0.575 23
33
0 8.75 20
93
17
100
-5 -2.525 9
30
10 12 14
38
18
107
-4 0.75 45
32
0 3.75 12
120
19
101
-5 -1.425 14
30
6 13 40
42
20
101
-5 -2.3 6
30
8 12 18
46
21
102
-5 -2.825 3
30
8 15 36
46
22
100
-5 -2.125 6
30
6 13.25 24
37
23
103
-4 -0.45 7
30
8 16 28
43
24
100
-4 -2.175 4
30
10 14.5 22
36
25
102
-5 -1.925 9
30
8 15.25 24
49
26
101
-4 -1.675 8
30
10 16.75 24
42
27
100
-5 -2.35 7
30
10 15.75 28
37
28
101
-5 -2.425 5
30
10 15.75 24
37
29
100
-5 -3.325 1
30
10 14 18
31
0
112
-5 -3.3 11
32
-6 -4.25 0
120
1
105
-5 -2.875 22
30
-6 0 10
79
2
106
-5 -0.825 31
34
-4 -0.75 4
120
3
108
-5 1.575 50
35
0 3.25 22
103
4
113
-4 2.625 33
34
0 7.25 20
85
5
117
-3 7 47
35
-2 7.75 18
154
6
114
-4 4.175 50
39
-2 1.25 4
130
7
104
-4 0.075 13
30
6 9.75 14
58
8
116
-4 5.15 33
35
-4 2.25 12
141
9
155
1 17.475 86
37
-2 4.75 10
200
10
102
-4 0.175 16
30
6 10.5 18
61
11
118
-2 5.575 29
40
0 9.5 30
105
12
108
-3 1.75 29
37
-2 3.5 10
120
13
109
-4 4.625 66
33
-2 1.5 8
148
14
118
-3 3.15 32
37
0 9.25 26
109
15
103
-4 0.075 13
30
8 12 20
52
16
105
-4 -0.1 9
33
-2 0 6
120
17
515
14 27.3 87
53
12 28.25 64
564
18
106
-3 0.875 19
30
10 13 16
60
19
118
-2 3.25 18
37
-2 4.25 14
121
20
113
-4 1.9 17
39
8 12 22
83
21
122
-2 6.725 31
36
0 4.5 14
260
22
107
-4 -0.725 14
33
-2 0.25 4
120
23
127
-3 2.975 21
39
2 9.5 20
108
24
108
-4 0.675 12
30
6 10.75 16
72
25
117
-4 2.825 34
34
2 9 22
110
26
109
-4 0.925 15
30
8 11.5 20
75
27
102
-4 -1.4 11
30
4 12 24
59
28
102
-4 -0.675 11
30
10 11.75 16
45
29
103
-4 -0.275 14
30
8 12.75 20
52
